[188422578, 238581186, 257089995, 1040000]
[199935708, 247148862, 261522670, 1040000]
[192851765, 244432484, 260132476, 1040000]
[169327322, 227241090, 253365505, 1040000]
[134803560, 194040325, 226100792, 1001491]
[50488660, 79605118, 98801720, 524341]
[33650118, 54789880, 67686628, 350604]
[30827699, 65476238, 92160710, 456722]
[31918877, 70592044, 102576253, 508557]
[38181372, 85365407, 126365789, 628228]
[57052556, 126276440, 185553689, 905097]
[64537198, 143965741, 208455723, 990668]
[59828860, 133241234, 198898278, 959155]
[47609708, 106497052, 159341280, 778719]
[47642930, 103919506, 154822339, 769146]
[46485399, 104548538, 157136490, 800865]
[41908904, 97680048, 146225144, 737378]
[35835193, 89239105, 134769488, 652052]
[4411058, 11360300, 19904213, 99546]
[4354944, 11107786, 19712055, 101631]
[12780742, 16699012, 44286457, 258618]
[10597202, 14303627, 37874082, 212835]
[8534526, 11871108, 30762661, 166961]
[6197012, 9022298, 22989683, 118925]
